>> ex1

C =

  20 18 10
  -16 4 0
  12 9 6


D =

  20 9 0
  0 1 0
  15 0 0
