>> M = diag(linspace(3,6,5))

M =

    3.0000         0         0         0         0
         0    3.7500         0         0         0
         0         0    4.5000         0         0
         0         0         0    5.2500         0
         0         0         0         0    6.0000

